12 15
1 2 133 131
2 5 1081 859
2 6 591 529
2 12 901 882
3 6 260 182
3 9 1147 1143
4 7 745 598
4 10 1516 1226
4 11 1573 1621
5 7 1028 781
5 8 2196 1376
6 7 903 684
8 10 505 364
9 12 336 203
10 11 1138 948

56
6 11
3 1
5 11
8 7
8 9
5 8
6 3
8 10
4 1
5 1
1 7
3 4
7 9
5 6
4 6
12 9
7 12
10 9
12 4
7 11
6 9
1 6
2 9
1 10
6 12
12 8
8 1
10 5
5 4
6 5
5 7
3 12
10 7
4 10
8 2
11 4
9 12
11 7
2 10
9 5
1 9
7 3
6 10
1 11
10 12
9 3
2 6
12 5
11 5
3 9
12 6
2 1
3 10
2 4
7 5
12 11

