15 22
1 6 950000 108.46
1 7 875000 98.43
1 8 1010000 106.03
2 3 980000 71.97
2 5 1790000 172.02
2 6 575000 84.63
3 5 2060000 101.15
3 8 875000 103.21
4 5 1295000 138.57
4 6 1925000 109.15
6 13 3200000 100.54
7 10 1145000 106.43
7 14 1445000 120.05
8 9 1115000 68.83
8 15 1190000 147.23
9 10 935000 77.55
9 12 1130000 116.96
9 15 1070000 88.25
10 12 1505000 86.44
11 13 1085000 94.15
11 14 1700000 91.70
13 14 830000 165.97
105
1 2
1 3
1 4
1 5
1 6
1 7
1 8
1 9
1 10
1 11
1 12
1 13
1 14
1 15
2 3
2 4
2 5
2 6
2 7
2 8
2 9
2 10
2 11
2 12
2 13
2 14
2 15
3 4
3 5
3 6
3 7
3 8
3 9
3 10
3 11
3 12
3 13
3 14
3 15
4 5
4 6
4 7
4 8
4 9
4 10
4 11
4 12
4 13
4 14
4 15
5 6
5 7
5 8
5 9
5 10
5 11
5 12
5 13
5 14
5 15
6 7
6 8
6 9
6 10
6 11
6 12
6 13
6 14
6 15
7 8
7 9
7 10
7 11
7 12
7 13
7 14
7 15
8 9
8 10
8 11
8 12
8 13
8 14
8 15
9 10
9 11
9 12
9 13
9 14
9 15
10 11
10 12
10 13
10 14
10 15
11 12
11 13
11 14
11 15
12 13
12 14
12 15
13 14
13 15
14 15

