37 57
1 8 23310 2
1 14 96030 5
1 15 49680 5
1 19 48600 4
2 26 122670 10
2 31 71460 4
2 36 135000 9
3 21 68400 5
3 22 45720 3
3 30 111960 10
4 9 42660 7
4 31 43830 2
4 36 49590 6
5 10 48600 3
5 15 34290 2
5 24 68130 5
5 28 37800 3
5 35 69750 5
6 14 54900 4
6 19 21510 3
7 21 75060 7
7 22 68040 6
7 27 67230 6
8 12 23760 1
8 27 35370 2
9 17 39240 2
9 28 60120 4
10 25 64980 5
10 32 69930 5
11 14 41580 4
11 19 62100 5
12 13 24750 1
13 15 53280 4
13 24 41040 1
13 33 24390 3
16 25 106380 6
16 32 53730 2
16 35 123300 13
17 35 34470 2
18 19 177930 10
18 21 67590 2
18 30 42390 9
19 27 46260 3
20 22 36990 3
20 27 53460 3
20 37 45630 3
22 29 81630 6
23 24 46980 3
23 29 64800 4
23 37 29430 2
24 34 48060 1
26 29 57420 4
27 33 54000 4
28 34 33840 3
29 36 70470 4
33 37 19620 0
34 36 36000 2
18
5 1
5 2
5 3
7 4
7 8
7 9
7 6
13 5
13 7
20 7
20 18
23 20
23 27
29 23
29 34
29 37
16 20
16 29
650000


