37 57
1 8 23310 3
1 14 96030 11
1 15 49680 6
1 19 48600 5
2 26 122670 14
2 31 71460 8
2 36 135000 15
3 21 68400 8
3 22 45720 5
3 30 111960 12
4 9 42660 5
4 31 43830 5
4 36 49590 6
5 10 48600 5
5 15 34290 4
5 24 68130 8
5 28 37800 4
5 35 69750 8
6 14 54900 6
6 19 21510 2
7 21 75060 8
7 22 68040 8
7 27 67230 7
8 12 23760 3
8 27 35370 4
9 17 39240 4
9 28 60120 7
10 25 64980 7
10 32 69930 8
11 14 41580 5
11 19 62100 7
12 13 24750 3
13 15 53280 6
13 24 41040 5
13 33 24390 3
16 25 106380 12
16 32 53730 6
16 35 123300 14
17 35 34470 4
18 19 177930 20
18 21 67590 8
18 30 42390 5
19 27 46260 5
20 22 36990 4
20 27 53460 6
20 37 45630 5
22 29 81630 9
23 24 46980 5
23 29 64800 7
23 37 29430 3
24 34 48060 5
26 29 57420 6
27 33 54000 6
28 34 33840 4
29 36 70470 8
33 37 19620 2
34 36 36000 4
45
1 2
1 3
1 4
1 6
1 7
1 8
1 9
1 10
2 3
2 4
2 5
2 6
2 7
2 8
2 9
2 10
3 4
3 5
3 6
3 7
3 8
3 9
3 10
4 5
4 6
4 7
4 8
4 9
4 10
5 6
5 7
5 8
5 9
5 10
6 7
6 8
6 9
6 10
7 8
7 9
7 10
8 9
8 10
9 10

