50 88
13 15 3290 33
11 15 3290 57
49 15 3290 70
30 13 3290 22
1 30 3290 89
29 30 3290 69
36 11 3290 74
45 11 3720 58
26 11 3720 119
49 1 3720 102
47 1 3720 118
5 36 3290 63
40 36 3290 74
45 29 3290 70
17 29 3720 126
24 29 3720 90
47 29 3720 97
5 45 3720 114
20 45 3290 65
39 49 4150 184
37 49 4150 223
32 4 3720 151
12 4 4150 173
44 4 4150 234
33 4 3720 183
21 4 4150 159
12 32 3720 89
14 32 3720 100
33 32 3720 120
3 32 4150 159
14 12 4150 70
9 12 3290 88
9 14 3720 108
26 14 3720 92
50 14 3720 153
3 9 3720 185
33 44 4150 142
21 44 3720 113
22 44 3720 109
28 44 3720 100
6 33 3290 100
28 22 3720 79
23 22 3720 105
6 22 3720 116
39 7 3290 65
8 7 3290 44
23 7 3290 120
16 28 3290 44
37 39 3720 153
40 39 3720 111
8 16 3720 204
5 23 3720 129
6 23 3720 93
40 23 3720 170
6 5 3720 77
26 6 3720 129
20 26 3720 90
19 26 3720 88
10 17 3290 24
20 17 3290 48
19 17 3720 104
34 10 3290 58
24 10 3720 113
25 34 3290 54
43 24 3290 23
25 24 3290 72
19 20 3290 103
47 43 3290 52
35 19 3720 135
25 43 3720 100
25 46 3290 83
48 46 3290 115
31 46 3720 195
50 46 3720 121
18 25 3720 106
2 48 3290 194
18 31 3720 123
27 31 3720 130
2 35 3290 136
27 35 3720 60
41 35 3720 199
38 35 3720 150
42 35 3720 111
50 2 4150 150
42 41 3720 71
3 38 3290 31
50 38 3720 104
42 38 3720 103
20
4 32
4 22
30 13
30 15
35 48
35 27
17 10
17 20
22 28
22 16
1 30
29 30
43 47
25 46
34 10
31 18
41 42
33 44
5 36
39 49
60000
